-0.99996
-1.00000
-1.00000
-1.00000
-0.99999
-1.00000
-1.00000
-1.00000
-0.99990
-1.00000
-1.00000
-1.00000
-1.00000
-1.00000
-1.00000
-1.00000
-1.00000
-1.00000
-1.00000
-1.00000
-1.00000
-1.00000
-1.00000
-1.00000
-1.00000
-1.00000
-1.00000
-1.00000
-1.00000
-1.00000
-1.00000
-1.00000
-1.00000
-1.00000
-1.00000
-1.00000
-1.00000
-1.00000
-1.00000
-0.99986
-1.00000
-1.00000
-1.00000
-1.00000
-1.00000
-1.00000
-1.00000
-1.00000
-0.99997
-0.99996
-1.00000
-1.00000
-1.00000
-1.00000
-1.00000
-1.00000
-1.00000
-1.00000
-1.00000
-1.00000
-1.00000
-1.00000
-1.00000
-1.00000
-1.00000
-1.00000
-1.00000
-1.00000
-1.00000
-1.00000
-1.00000
-1.00000
-1.00000
-1.00000
-1.00000
-0.99999
-1.00000
-1.00000
-1.00000
-1.00000
-1.00000
-1.00000
-1.00000
-1.00000
-1.00000
-1.00000
-1.00000
-1.00000
-1.00000
-1.00000
-1.00000
-1.00000
-1.00000
-1.00000
-1.00000
-1.00000
-1.00000
-1.00000
-1.00000
-1.00000
-1.00000
-1.00000
-1.00000
-1.00000
-1.00000
-1.00000
-1.00000
-1.00000
-1.00000
-1.00000
-1.00000
-1.00000
-1.00000
-1.00000
-1.00000
-1.00000
-1.00000
-1.00000
-0.99998
-1.00000
-1.00000
-1.00000
-1.00000
-1.00000
-1.00000
-1.00000
-1.00000
-1.00000
-1.00000
-1.00000
-1.00000
-1.00000
-1.00000
-1.00000
-1.00000
-1.00000
-1.00000
-1.00000
-1.00000
-1.00000
-1.00000
-1.00000
-1.00000
-1.00000
-1.00000
-1.00000
-1.00000
-1.00000
-1.00000
-1.00000
-1.00000
-1.00000
-1.00000
-1.00000
-0.99995
-0.06169
-0.99384
-1.00000
-0.99857
-0.99997
-1.00000
-1.00000
-0.99998
-1.00000
-1.00000
-1.00000
-1.00000
-1.00000
-1.00000
-1.00000
-1.00000
-1.00000
-1.00000
-1.00000
-1.00000
-1.00000
-1.00000
-1.00000
-0.99996
-0.99976
-0.97802
-0.99616
0.94075
0.99872
0.48313
-0.91718
-0.58348
-0.94573
-0.98313
-0.99985
-0.99999
-1.00000
-1.00000
-1.00000
-1.00000
-1.00000
-1.00000
-0.99993
-1.00000
-1.00000
-1.00000
-1.00000
-1.00000
-0.99996
-0.99614
-0.99987
-0.99264
-0.99624
-0.99984
-0.68909
0.99635
0.99763
1.00000
0.99118
-0.98641
-0.14327
0.85906
-0.97346
-0.99998
-1.00000
-1.00000
-1.00000
-1.00000
-1.00000
-1.00000
-1.00000
-1.00000
-1.00000
-1.00000
-0.99999
-0.96764
-0.99877
-0.99999
-1.00000
-0.99968
-0.99995
-0.99992
-0.24073
0.99834
0.99983
0.98962
0.85672
-0.99032
-0.98936
-0.94895
-1.00000
-0.99927
-1.00000
-1.00000
-0.99999
-0.99999
-1.00000
-1.00000
-1.00000
-0.99999
-1.00000
-1.00000
-1.00000
-0.99960
-0.99879
-0.99839
-0.99998
-0.99997
-0.99999
-0.99936
0.84544
0.98489
0.99988
0.98662
0.77280
-0.99743
-0.99564
-0.97811
-0.99959
-0.99957
-1.00000
-1.00000
-0.99999
-1.00000
-0.99999
-1.00000
-1.00000
-1.00000
-1.00000
-1.00000
-1.00000
-1.00000
-0.98186
-1.00000
-1.00000
-0.99999
-1.00000
-0.88806
-0.95292
0.99560
0.99872
-0.92948
-0.99746
-0.99998
-0.99999
-1.00000
-1.00000
-0.99950
-1.00000
-1.00000
-1.00000
-1.00000
-1.00000
-1.00000
-1.00000
-0.99998
-1.00000
-1.00000
-1.00000
-0.99991
-1.00000
-1.00000
-0.99999
-0.99958
-0.99993
-0.99753
0.67995
0.04733
0.96202
-0.99581
-0.99992
-1.00000
-1.00000
-1.00000
-1.00000
-1.00000
-1.00000
-1.00000
-1.00000
-1.00000
-1.00000
-0.99999
-1.00000
-1.00000
-1.00000
-1.00000
-1.00000
-1.00000
-1.00000
-1.00000
-0.99871
-0.96458
-0.99661
-0.99987
-0.99117
0.99221
0.08952
-0.99934
-0.99997
-0.99999
-1.00000
-1.00000
-1.00000
-1.00000
-1.00000
-1.00000
-1.00000
-1.00000
-1.00000
-1.00000
-1.00000
-1.00000
-1.00000
-1.00000
-1.00000
-1.00000
-1.00000
-1.00000
-0.96198
0.73571
-0.94592
-0.98609
-0.99950
-0.82334
-0.99774
-0.99978
-1.00000
-0.99998
-1.00000
-1.00000
-1.00000
-1.00000
-1.00000
-0.99999
-1.00000
-1.00000
-1.00000
-1.00000
-1.00000
-1.00000
-1.00000
-1.00000
-1.00000
-1.00000
-1.00000
-1.00000
-0.99988
-0.37113
0.11965
-0.92017
-0.97842
-0.93657
-0.98941
-0.99956
-1.00000
-1.00000
-1.00000
-1.00000
-1.00000
-0.99998
-1.00000
-1.00000
-0.99996
-1.00000
-1.00000
-1.00000
-1.00000
-1.00000
-1.00000
-1.00000
-1.00000
-1.00000
-1.00000
-1.00000
-1.00000
-0.99983
-0.26992
0.99987
0.99213
0.94866
-0.61694
0.30296
-1.00000
-1.00000
-0.99999
-1.00000
-1.00000
-1.00000
-1.00000
-1.00000
-1.00000
-1.00000
-1.00000
-1.00000
-1.00000
-1.00000
-1.00000
-1.00000
-1.00000
-1.00000
-1.00000
-1.00000
-1.00000
-0.99557
-0.04021
0.87956
0.99999
1.00000
1.00000
-0.89693
-1.00000
-1.00000
-1.00000
-1.00000
-1.00000
-1.00000
-1.00000
-1.00000
-1.00000
-1.00000
-1.00000
-1.00000
-1.00000
-1.00000
-1.00000
-1.00000
-1.00000
-1.00000
-1.00000
-1.00000
-1.00000
-1.00000
-0.99390
-0.67202
0.99992
1.00000
1.00000
-0.38280
-0.99990
-1.00000
-1.00000
-1.00000
-1.00000
-1.00000
-1.00000
-1.00000
-1.00000
-1.00000
-1.00000
-1.00000
-1.00000
-1.00000
-1.00000
-1.00000
-1.00000
-1.00000
-1.00000
-1.00000
-1.00000
-1.00000
-1.00000
-0.99684
-0.61737
0.99852
0.95494
0.99980
-0.89842
-1.00000
-1.00000
-1.00000
-1.00000
-1.00000
-1.00000
-1.00000
-1.00000
-1.00000
-1.00000
-1.00000
-1.00000
-0.99999
-1.00000
-1.00000
-1.00000
-1.00000
-1.00000
-1.00000
-1.00000
-1.00000
-1.00000
-0.99978
0.96035
0.81110
-0.94496
-0.94894
-0.99362
-0.99446
-1.00000
-1.00000
-1.00000
-1.00000
-1.00000
-1.00000
-1.00000
-1.00000
-1.00000
-1.00000
-1.00000
-1.00000
-1.00000
-1.00000
-1.00000
-1.00000
-1.00000
-1.00000
-1.00000
-1.00000
-1.00000
-0.99846
0.77392
0.76210
-0.81774
-0.99254
-0.98056
-1.00000
-1.00000
-1.00000
-1.00000
-1.00000
-1.00000
-1.00000
-1.00000
-1.00000
-1.00000
-1.00000
-1.00000
-1.00000
-1.00000
-1.00000
-1.00000
-1.00000
-1.00000
-1.00000
-1.00000
-1.00000
-1.00000
-0.99839
-0.99890
-0.95166
-0.91467
-0.93079
-0.99983
-1.00000
-1.00000
-1.00000
-1.00000
-1.00000
-0.99998
-1.00000
-1.00000
-1.00000
-1.00000
-1.00000
-1.00000
-1.00000
-1.00000
-0.78404
-0.99999
-0.99988
-1.00000
-1.00000
-1.00000
-1.00000
-1.00000
-0.99814
0.77942
0.99755
0.86613
-0.63083
-0.99797
-0.99998
-1.00000
-1.00000
-1.00000
-1.00000
-1.00000
-1.00000
-1.00000
-1.00000
-0.99996
-1.00000
-1.00000
-1.00000
-1.00000
-1.00000
-1.00000
-0.99990
-0.99998
-0.99999
-0.99960
-0.99999
-0.99999
0.83956
0.99931
1.00000
0.99999
0.10766
-0.99862
-0.99997
-1.00000
-1.00000
-1.00000
-1.00000
-1.00000
-1.00000
-1.00000
-1.00000
-0.99999
-1.00000
-1.00000
-1.00000
-1.00000
-1.00000
-1.00000
-0.99981
-0.99891
-0.70878
-0.96522
-0.97028
-0.90170
0.69521
0.99997
0.99999
0.97904
-0.95713
-0.99984
-1.00000
-1.00000
-1.00000
-1.00000
-1.00000
-1.00000
-1.00000
-1.00000
-1.00000
-1.00000
-1.00000
-1.00000
-1.00000
-1.00000
-1.00000
-1.00000
-1.00000
-0.99999
-0.99999
-1.00000
-1.00000
-0.99863
-0.96110
-0.74172
0.96804
-0.97703
-0.99983
-1.00000
-0.99999
-1.00000
-1.00000
-1.00000
-1.00000
-1.00000
-1.00000
-1.00000
-1.00000
-1.00000
-1.00000
-1.00000
-1.00000
-1.00000
-0.99996
-1.00000
-1.00000
-1.00000
-1.00000
-1.00000
-1.00000
-1.00000
-1.00000
-0.99998
-0.99991
-1.00000
-1.00000
-1.00000
-1.00000
-1.00000
-1.00000
-0.99998
-1.00000
-1.00000
-1.00000
-1.00000
-1.00000
-1.00000
-1.00000
-1.00000
-1.00000
-0.99999
-1.00000
-1.00000
-1.00000
-1.00000
-1.00000
-1.00000
-0.99996
-1.00000
-1.00000
-0.99999
-1.00000
-1.00000
-1.00000
-1.00000
-1.00000
-1.00000
-0.99999
-1.00000
-1.00000
-1.00000
-1.00000
-1.00000
-1.00000
-1.00000
